1,76;
2,16;
3,15;
4,81;
5,84;
6,58;
7,59;
8,46;
9,47;
10,75;
11,13;
12,14;
13,82;
14,83;
15,57;
16,60;
17,45;
18,48;
19,74;
20,62;
21,61;
22,28;
23,26;
24,42;
25,21;
26,22;
27,23;
28,73;
29,63;
30,64;
31,27;
32,44;
33,43;
34,32;
35,31;
36,2;
37,91;
38,92;
39,9;
40,11;
41,41;
42,29;
43,30;
44,3;
45,1;
46,89;
47,10;
48,12;
49,33;
50,34;
51,50;
52,52;
53,70;
54,72;
55,90;
56,78;
57,77;
58,56;
59,35;
60,49;
61,39;
62,69;
63,71;
64,19;
65,17;
66,79;
67,55;
68,7;
69,6;
70,40;
71,68;
72,65;
73,20;
74,18;
75,80;
76,54;
77,53;
78,5;
79,38;
80,67;
81,66;
101,112;
102,111;
103,110;
104,109;
105,106;
106,105;
107,104;
108,103;
111,102;
112,101;
113,108;
114,107;
