59,1;
28,2;
20,3;
12,4;
84,5;
49,6;
40,7;
29,8;
77,9;
60,10;
27,11;
19,12;
11,13;
83,14;
50,15;
39,16;
32,17;
78,18;
57,19;
26,20;
18,21;
10,22;
82,23;
51,24;
38,25;
31,26;
79,27;
58,28;
25,29;
17,30;
9,31;
81,32;
52,33;
37,34;
30,35;
80,36;
65,37;
66,38;
67,39;
33,40;
34,41;
35,42;
53,43;
54,44;
55,45;
76,46;
92,47;
16,48;
48,49;
2,50;
6,51;
72,52;
24,53;
64,54;
75,55;
91,56;
15,57;
47,58;
3,59;
7,60;
71,61;
23,62;
63,63;
74,64;
90,65;
14,66;
46,67;
4,68;
8,69;
70,70;
22,71;
62,72;
73,73;
89,74;
13,75;
45,76;
1,77;
5,78;
69,79;
21,80;
61,81;
341,82;
342,83;
343,84;
344,85;
141,86;
142,87;
143,88;
144,89;
125,90;
126,91;
133,92;
134,93;
127,94;
128,95;
145,96;
146,97;
136,98;
135,99;
346,100;
325,101;
129,102;
130,103;
209,104;
210,105;
211,106;
212,107;
213,108;
235,109;
236,110;